Jon differences: 

pinna: [0.18999999999999995, 0.05999999999999994, 0.050000000000000044, 0.21999999999999997, 0.40000000000000036, 0.18999999999999995, 0.15999999999999992, 0.5, 0.1299999999999999, 0.1499999999999999, 0.010000000000000009, 0.1399999999999999, 0.3100000000000005, 0.27, 0.09999999999999998, 0.040000000000000036] 

body: [1.459999999999999, 1.0399999999999991, 1.4700000000000024, 0.9099999999999997, 0.07, 0.7599999999999998, 1.0499999999999998, 0.7599999999999998, 1.4800000000000004, 1.6799999999999997, 2.620000000000001, 2.460000000000001, 0.8400000000000003, 1.4800000000000182, 2.9399999999999977, 0.44999999999999574, 11.190000000000012] 

angles: [23.900000000000002, 27.87, 23.82, 28.02]



Blake differences: 

pinna: [0.20999999999999996, 0.12, 0.06999999999999984, 0.1100000000000001, 0.41000000000000014, 0.28000000000000025, 0.08000000000000002, 0.32000000000000006, 0.4099999999999999, 0.21999999999999997, 0.020000000000000018, 0.1100000000000001, 0.6100000000000003, 0.28000000000000025, 0.13, 0.17999999999999994] 

body: [1.4900000000000002, 2.539999999999999, 0.46000000000000085, 1.0299999999999998, 0.03999999999999998, 0.17999999999999972, 4.26, 1.4800000000000004, 0.5, 0.9199999999999999, 2.84, 0.8999999999999986, 1.0299999999999998, 0.9300000000000068, 1.3299999999999983, 0.1700000000000017, 0.9300000000000068] 

angles: [23.71, 28.03, 23.51, 28.080000000000002]



Sam differences: 

pinna: [0.020000000000000018, 0.09999999999999998, 0.28, 0.49, 0.13999999999999968, 0.14000000000000012, 0.08000000000000002, 0.07000000000000006, 0.15000000000000013, 0.030000000000000027, 0.41000000000000014, 0.20999999999999996, 0.10000000000000053, 0.0, 0.22000000000000003, 0.12] 

body: [0.4900000000000002, 0.03999999999999915, 0.5399999999999991, 0.029999999999999805, 0.74, 0.6799999999999997, 1.46, 0.4800000000000004, 3.3999999999999986, 0.3200000000000003, 3.7600000000000016, 3.1000000000000014, 2.69, 4.569999999999993, 1.1700000000000017, 1.6700000000000017, 11.569999999999993] 

angles: [23.580000000000002, 28.23, 23.580000000000002, 28.3]



Dean differences: 

pinna: [0.09999999999999987, 0.17000000000000004, 0.1200000000000001, 0.1100000000000001, 0.25, 0.31000000000000005, 0.07999999999999996, 0.36, 0.40000000000000013, 0.030000000000000027, 0.1499999999999999, 0.21999999999999997, 0.20000000000000018, 0.010000000000000231, 0.08999999999999997, 0.20000000000000007] 

body: [0.16000000000000014, 1.6600000000000001, 0.3500000000000014, 0.5799999999999996, 0.41, 0.4900000000000002, 0.5, 0.4900000000000002, 0.6199999999999974, 0.5600000000000005, 1.4899999999999984, 1.7299999999999969, 4.0, 2.859999999999985, 0.09000000000000341, 2.240000000000002, 10.110000000000014] 

angles: [23.44, 28.02, 23.55, 28.0]



